0 0.106281 0.826562 0.212562 0.315708
0 0.273516 0.713708 0.181031 0.239417
0 0.281625 0.592146 0.120750 0.113542
0 0.433828 0.528438 0.083656 0.080208
0 0.554484 0.554896 0.101469 0.140958
0 0.633078 0.536271 0.103094 0.119792
0 0.580141 0.478333 0.064844 0.066667
1 0.433016 0.735312 0.073531 0.191958
1 0.569859 0.622542 0.052781 0.139000
1 0.594859 0.596979 0.044281 0.131375
1 0.511109 0.497062 0.038219 0.080208
1 0.319922 0.819604 0.088219 0.219792
1 0.641172 0.455875 0.030719 0.064500
0 0.114781 0.693146 0.177938 0.139042
