0 0.685281 0.428521 0.042500 0.049042
0 0.795656 0.408833 0.039687 0.041000
0 0.708750 0.418646 0.025000 0.041375
0 0.730875 0.477458 0.048687 0.072333
1 0.158844 0.804854 0.083938 0.163042
1 0.560375 0.780188 0.086750 0.157042
1 0.492516 0.645188 0.063094 0.113708
1 0.675000 0.496063 0.034000 0.074708
1 0.520594 0.524500 0.030750 0.072333
0 0.061359 0.861750 0.122719 0.272750
0 0.370609 0.772500 0.207469 0.235000
0 0.409578 0.616729 0.120406 0.119292
0 0.372047 0.562750 0.078094 0.106083
0 0.756609 0.427354 0.052781 0.062708
0 0.567641 0.482354 0.072219 0.070792
0 0.620594 0.457833 0.057188 0.068417
0 0.655156 0.444125 0.041312 0.061000
