0 0.406625 0.640250 0.155750 0.186333
1 0.639703 0.585458 0.042469 0.104083
1 0.588969 0.527438 0.032500 0.070792
1 0.542578 0.556854 0.036781 0.039042
1 0.758750 0.430396 0.025000 0.041375
1 0.278750 0.624521 0.050000 0.103708
0 0.342625 0.793062 0.189625 0.205542
0 0.548500 0.639146 0.137000 0.160875
0 0.533828 0.546167 0.060156 0.088250
0 0.560375 0.489312 0.066188 0.068625
0 0.657344 0.453917 0.066312 0.053167
0 0.702125 0.434312 0.038250 0.045292
0 0.578688 0.462750 0.070437 0.078250
0 0.615484 0.453958 0.040969 0.068750
0 0.794781 0.401958 0.050000 0.062583
