1 0.719859 0.469625 0.032219 0.056667
0 0.129484 0.900083 0.251469 0.191833
0 0.248469 0.732271 0.198812 0.252875
0 0.110359 0.674417 0.189719 0.184333
0 0.469891 0.697167 0.164781 0.202333
0 0.484625 0.580375 0.091187 0.110000
0 0.530141 0.492167 0.070719 0.074333
0 0.603750 0.479333 0.079437 0.100000
0 0.631609 0.445104 0.047219 0.074292
0 0.668469 0.441167 0.050000 0.059000
0 0.699266 0.425500 0.035469 0.035083
0 0.778016 0.408812 0.054406 0.057042
1 0.594047 0.653875 0.060594 0.127750
1 0.569781 0.576479 0.050000 0.090375
