1 0.225734 0.758708 0.079531 0.200000
0 0.700734 0.454896 0.046906 0.062542
0 0.700734 0.454896 0.046906 0.062542
0 0.688984 0.473542 0.041031 0.088417
0 0.652219 0.493146 0.067500 0.096292
0 0.613969 0.521583 0.082500 0.097833
0 0.469109 0.539125 0.089844 0.117667
1 0.683094 0.500000 0.029250 0.086083
1 0.225734 0.758708 0.079531 0.200000
1 0.683094 0.500000 0.029250 0.086083
0 0.469109 0.539125 0.089844 0.117667
0 0.613969 0.521583 0.082500 0.097833
0 0.652219 0.493146 0.067500 0.096292
0 0.688984 0.473542 0.041031 0.088417
