0 0.566172 0.484312 0.057219 0.070792
0 0.604484 0.513729 0.077969 0.102125
0 0.380141 0.571500 0.117781 0.131333
0 0.534625 0.565687 0.091187 0.108042
0 0.016500 0.756875 0.033000 0.121750
1 0.054422 0.705896 0.071906 0.129208
0 0.269047 0.740083 0.174969 0.182333
1 0.097062 0.659813 0.054562 0.107625
1 0.282359 0.582354 0.042781 0.086042
1 0.685281 0.554917 0.057500 0.093917
0 0.205172 0.662729 0.155969 0.157125
0 0.623531 0.436271 0.060125 0.064542
0 0.718469 0.449021 0.050000 0.062542
0 0.736766 0.422542 0.028094 0.044917
0 0.648422 0.474438 0.066219 0.070542
