0 0.697781 0.428333 0.032500 0.064667
1 0.644859 0.677458 0.067781 0.127667
1 0.689703 0.539125 0.039844 0.082333
1 0.627875 0.501000 0.033813 0.056667
1 0.579344 0.544021 0.039688 0.064708
0 0.183219 0.804833 0.214562 0.209500
0 0.463969 0.683333 0.117500 0.147250
0 0.619891 0.590125 0.114781 0.144750
0 0.485984 0.592063 0.132594 0.153292
0 0.559484 0.527458 0.047031 0.090417
0 0.596391 0.453917 0.061781 0.060583
0 0.637500 0.454813 0.046937 0.050958
0 0.717641 0.443229 0.057219 0.050958
0 0.371391 0.561646 0.129719 0.127458
