0 0.577875 0.476562 0.063250 0.082375
1 0.474266 0.700000 0.053094 0.180583
1 0.572719 0.602938 0.047063 0.119792
1 0.625734 0.546063 0.041031 0.104125
1 0.718313 0.483333 0.038250 0.092000
1 0.285297 0.556875 0.051594 0.055083
1 0.751391 0.459792 0.036781 0.068833
0 0.290516 0.661854 0.179406 0.186292
0 0.395516 0.612854 0.122031 0.190208
0 0.486016 0.596063 0.093969 0.125292
0 0.480875 0.527542 0.083687 0.086250
0 0.562563 0.542042 0.100000 0.100000
0 0.646312 0.475583 0.076625 0.084333
1 0.532422 0.483333 0.036781 0.064500
