1 0.688234 0.482354 0.033969 0.074708
1 0.333094 0.852042 0.082187 0.233333
1 0.471391 0.608813 0.064719 0.142958
1 0.710219 0.483333 0.025000 0.076667
0 0.347781 0.586271 0.120438 0.141375
0 0.542719 0.505979 0.075000 0.101958
0 0.655141 0.493146 0.047219 0.080208
0 0.650000 0.443146 0.054562 0.042958
1 0.333094 0.852042 0.082187 0.233333
1 0.471391 0.608813 0.064719 0.142958
1 0.688234 0.482354 0.033969 0.074708
1 0.710219 0.483333 0.025000 0.076667
0 0.347781 0.586271 0.120438 0.141375
0 0.542719 0.505979 0.075000 0.101958
0 0.655141 0.493146 0.047219 0.080208
0 0.650000 0.443146 0.054562 0.042958
