1 0.568391 0.456771 0.047219 0.050958
0 0.694109 0.424500 0.039844 0.044917
0 0.698422 0.482292 0.066219 0.078750
0 0.565453 0.531375 0.096906 0.110000
0 0.535234 0.579521 0.098531 0.119625
0 0.330813 0.704917 0.163500 0.198167
0 0.260297 0.630375 0.133656 0.139417
0 0.075406 0.702958 0.150812 0.190000
1 0.514625 0.490104 0.033812 0.082375
1 0.755953 0.461771 0.036781 0.076292
1 0.650656 0.582354 0.061750 0.113958
1 0.517641 0.766667 0.089844 0.192000
1 0.242641 0.651083 0.069281 0.133333
1 0.218391 0.890187 0.147219 0.207625
